windSpeed
0.69999999999999996
1.1000000000000001
1.1000000000000001
1.3
1.3999999999999999
1.5
1.7
1.8999999999999999
1.8999999999999999
2
2
2
2
2.2000000000000002
2.2999999999999998
2.5
1
0.40000000000000002
0.69999999999999996
0.59999999999999998
2.2999999999999998
1.1000000000000001
1
2.3999999999999999
1
2.1000000000000001
1.2
1.3
1.5
1.5
0.80000000000000004
1.7
1.1000000000000001
0
0.5
0.5
1
0.90000000000000002
2.5
2.1000000000000001
0.80000000000000004
0.5
2.1000000000000001
0.69999999999999996
1.5
1.6000000000000001
2.1000000000000001
2
2.7000000000000002
1.3
3.3999999999999999
2.1000000000000001
1.6000000000000001
0.90000000000000002
1.8999999999999999
1.7
0.80000000000000004
1
2.1000000000000001
1.8999999999999999
2.5
2.6000000000000001
0.69999999999999996
7.5999999999999996
1.6000000000000001
5.0999999999999996
8
7.7000000000000002
5.2999999999999998
0.59999999999999998
1.7
3.5
4.5
2.2000000000000002
0.80000000000000004
0.90000000000000002
2.7999999999999998
2
4.9000000000000004
0.80000000000000004
4.4000000000000004
1.5
3.8999999999999999
2.6000000000000001
4.7000000000000002
2.2999999999999998
5.5999999999999996
4
3.2999999999999998
1.3
1.6000000000000001
3.5
1.3
3.7000000000000002
0.90000000000000002
5.5
1.3999999999999999
4.7000000000000002
2.6000000000000001
2.8999999999999999
3.1000000000000001
2.3999999999999999
2
2.1000000000000001
2.1000000000000001
1.3999999999999999
1.3
0.59999999999999998
1.2
0.5
2.2999999999999998
0.69999999999999996
