maxWindSpeed
2.2999999999999998
2.2999999999999998
2.2999999999999998
2.5
2.7999999999999998
2.7999999999999998
3
3
3.2999999999999998
3.3999999999999999
3.5
3.5
3.5
3.7999999999999998
3.8999999999999999
4.5
1.3999999999999999
0.80000000000000004
1.1000000000000001
1.3
3.5
3
3.7999999999999998
4.2999999999999998
1.8999999999999999
5.7000000000000002
3.1000000000000001
3.1000000000000001
2.5
2.2000000000000002
1.2
3.1000000000000001
1.8999999999999999
0.80000000000000004
1
0.69999999999999996
1.3999999999999999
1.3
3.7999999999999998
3.1000000000000001
1.1000000000000001
1
3.3999999999999999
2
1.8999999999999999
5.5
5.4000000000000004
3.3999999999999999
4.4000000000000004
3.2999999999999998
9.4000000000000004
8.5
4.0999999999999996
4.5999999999999996
5.2000000000000002
3.1000000000000001
1.5
3.3999999999999999
4
4
5.4000000000000004
6.9000000000000004
2.2999999999999998
986.10000000000002
4.2000000000000002
985.39999999999998
985.39999999999998
985.79999999999995
986.10000000000002
2.2999999999999998
6
986.79999999999995
987.5
988.10000000000002
3.7000000000000002
2.7000000000000002
988.5
5.4000000000000004
988.10000000000002
2.6000000000000001
987.79999999999995
2.8999999999999999
987.5
6.5
988.10000000000002
4.7000000000000002
991.20000000000005
991.20000000000005
991.89999999999998
3.8999999999999999
5.4000000000000004
992.20000000000005
2.3999999999999999
992.60000000000002
5.0999999999999996
993.89999999999998
3.7000000000000002
994.20000000000005
3.7999999999999998
994.60000000000002
1000.7
1000
4.5999999999999996
1000
999.29999999999995
999
2.6000000000000001
1.2
998.60000000000002
1.1000000000000001
998
1.3999999999999999
