stationBatteryLife
12
12
12
12
12
12.1
12.1
12.1
12.1
12.1
12.1
12.1
12.1
12.1
12.1
12.1
12.1
12.1
12.1
12
12.1
12.1
12
12.1
12.199999999999999
12.1
12.1
12.1
12.1
12.1
12.1
12.1
12.1
12
12.1
12.1
12.1
12.1
12
12.1
12
12
12.1
12.1
12
12.1
12.1
12.1
12.1
12.1
12
12.1
12.1
12.199999999999999
12
12.1
12.1
12.1
12.1
12.199999999999999
12.1
12
12.1
1432670400
12.1
1432674000
1432677600
1432681200
1432684800
12.1
12
1432688400
1432692000
1432695600
12.1
12.1
1432699200
12.199999999999999
1432702800
12.1
1432706400
12.1
1432710000
12.1
1432713600
12.1
1432735200
1432738800
1432742400
12.1
12.1
1432746000
12.1
1432749600
12.1
1432760400
12.1
1432764000
12.1
1432767600
1432828800
1432832400
12.199999999999999
1432836000
1432839600
1432843200
11.9
12.1
1432846800
12.1
1432850400
12.1
