airTemperature
0
0
0
0
0
0
0
0
0
0
0
0
0
0
0
0
0
0
0
0
0
0
0
0
0
0
0
0
0
0
0
0
0
0
0
0
0
0
0
0
0
0
0
0
0
0
0
0
0
0
0
0
0
0
0
0
0
0
0
0
0
20.800000000000001
21.699999999999999
22.780000000000001
24
23.280000000000001
23.780000000000001
21.890000000000001
22.280000000000001
24.199999999999999
21.5
21.5
21
20.670000000000002
21.699999999999999
21.800000000000001
20.559999999999999
21.800000000000001
20.780000000000001
21.699999999999999
21
20.800000000000001
20.5
20.300000000000001
19.670000000000002
21.600000000000001
20.780000000000001
21.5
21.780000000000001
22.5
22.800000000000001
21.890000000000001
21.899999999999999
21.059999999999999
23.5
20.780000000000001
22.699999999999999
22
19.100000000000001
19.280000000000001
18.170000000000002
17.280000000000001
21.300000000000001
18.780000000000001
17.670000000000002
18.559999999999999
20.899999999999999
22.199999999999999
19.390000000000001
20.5
19.059999999999999
20.199999999999999
