wetBulbTemperature
6.2999999999999998
6.2999999999999998
6.4000000000000004
6.5
7
7.0999999999999996
7.4000000000000004
7.5
9
10.9
11.199999999999999
11.6
11.699999999999999
12.4
12.4
12.5
13.4
13.699999999999999
14
14
13.4
12.6
14.300000000000001
15.699999999999999
15.300000000000001
19.600000000000001
19.699999999999999
11.800000000000001
12.1
12.800000000000001
13.300000000000001
13.6
19.199999999999999
13.5
12.800000000000001
13.4
13.4
13.300000000000001
13.699999999999999
13.5
13.1
14.199999999999999
16.399999999999999
18.600000000000001
19.399999999999999
19.5
18.300000000000001
19
19.899999999999999
19.199999999999999
19.300000000000001
19.100000000000001
19
18.800000000000001
19.399999999999999
19.100000000000001
19.100000000000001
19
16.800000000000001
17.399999999999999
19.199999999999999
19.100000000000001
18.899999999999999
0
19.5
0
0
0
0
20.300000000000001
18.199999999999999
0
0
0
17.899999999999999
17.899999999999999
0
18.399999999999999
0
18.100000000000001
0
17.899999999999999
0
17.699999999999999
0
17.600000000000001
0
0
0
17.600000000000001
17.100000000000001
0
17.899999999999999
0
17
0
16.800000000000001
0
15.800000000000001
0
0
0
16
0
0
0
16.199999999999999
16.5
0
15.9
0
15.800000000000001
