windDirection
63
85
109
124
136
137
147
150
150
155
155
155
156
159
164
175
7
193
119
345
145
137
147
148
0
296
9
142
134
169
118
159
81
0
350
145
47
28
142
147
67
105
164
12
305
317
342
81
289
96
301
280
342
247
298
348
166
45
120
110
110
261
1
7.0999999999999996
272
4.0999999999999996
6.9000000000000004
6.9000000000000004
4.9000000000000004
331
0
2.5
4.2000000000000002
1.8999999999999999
0
271
2.5
280
4.5999999999999996
301
3.5
329
3.7000000000000002
279
3.8999999999999999
269
4.7999999999999998
3.1000000000000001
2.1000000000000001
290
251
2.8999999999999999
248
3.3999999999999999
303
4.9000000000000004
347
3.2999999999999998
18
2.3999999999999999
2.3999999999999999
2.1000000000000001
108
1.7
2
1.1000000000000001
98
55
1
140
2.1000000000000001
86
