intervalRain
0
0
0
0
0
0
0
0
0
0
0
0
0
0
0
0
0
0.10000000000000001
1
0.10000000000000001
0
0
0.40000000000000002
0
0
0
0
0
0
0
0
0
0
0
0
0
5.7999999999999998
0
0.10000000000000001
0
1.7
0.10000000000000001
0.29999999999999999
0
0
0
0.20000000000000001
0
0.80000000000000004
0
0
0
0
0
0
0
0
0
0
0
0
4.0999999999999996
0
0
0
0
0
2.2400000000000002
0
0.29999999999999999
0.20000000000000001
0
0
0
0
0
0
0
0
0
0
0
0
0
0
0
0
0.029999999999999999
0
0
0
0
0.20000000000000001
0.029999999999999999
0
0
0
0
0
0
0
0
0
0
0
0
0
0
0
0
0
0
