0 2.6973045822102426 32
2.6973045822102426 5.3946091644204852 42
5.3946091644204852 8.0919137466307269 9
8.0919137466307269 10.78921832884097 2
10.78921832884097 13.486522911051214 0
13.486522911051214 16.183827493261457 0
16.183827493261454 18.881132075471697 0
18.881132075471697 21.578436657681941 0
21.578436657681941 24.275741239892184 0
24.275741239892184 26.973045822102428 0
26.973045822102428 29.670350404312671 0
29.670350404312668 32.367654986522908 0
32.367654986522908 35.064959568733151 0
35.064959568733151 37.762264150943395 0
37.762264150943395 40.459568733153638 0
40.459568733153638 43.156873315363882 0
43.156873315363882 45.854177897574125 0
45.854177897574125 48.551482479784369 0
48.551482479784369 51.248787061994612 0
51.248787061994612 53.946091644204856 0
53.946091644204856 56.643396226415099 0
56.643396226415092 59.340700808625336 0
59.340700808625336 62.038005390835579 0
62.038005390835579 64.735309973045815 0
64.735309973045815 67.432614555256052 0
67.432614555256066 70.129919137466302 0
70.129919137466302 72.827223719676539 0
72.827223719676553 75.524528301886789 0
75.524528301886789 78.221832884097026 0
78.22183288409704 80.919137466307276 0
80.919137466307276 83.616442048517513 0
83.616442048517527 86.313746630727763 0
86.313746630727763 89.011051212938 0
89.011051212938 91.708355795148236 0
91.70835579514825 94.405660377358487 0
94.405660377358487 97.102964959568723 0
97.102964959568737 99.800269541778974 0
99.800269541778974 102.49757412398921 0
102.49757412398922 105.19487870619946 0
105.19487870619946 107.8921832884097 0
107.89218328840971 110.58948787061995 0
110.58948787061995 113.28679245283018 0
113.28679245283018 115.98409703504042 0
115.98409703504043 118.68140161725067 0
118.68140161725067 121.37870619946091 0
121.37870619946092 124.07601078167116 0
124.07601078167116 126.77331536388139 0
126.77331536388141 129.47061994609166 0
129.47061994609163 132.16792452830188 0
132.16792452830188 134.86522911051213 0
134.86522911051213 137.56253369272238 0
137.56253369272238 140.25983827493263 0
140.2598382749326 142.95714285714286 0
142.95714285714286 145.65444743935311 0
145.65444743935311 148.35175202156336 0
148.35175202156336 151.04905660377361 0
151.04905660377358 153.74636118598383 0
153.74636118598383 156.44366576819408 0
156.44366576819408 159.14097035040433 0
159.1409703504043 161.83827493261455 0
161.83827493261455 164.5355795148248 0
164.5355795148248 167.23288409703505 0
167.23288409703505 169.9301886792453 0
169.93018867924528 172.62749326145553 0
172.62749326145553 175.32479784366578 0
175.32479784366578 178.02210242587603 0
178.022102425876 180.71940700808625 0
180.71940700808625 183.4167115902965 0
183.4167115902965 186.11401617250675 0
186.11401617250675 188.811320754717 0
188.81132075471697 191.50862533692722 0
191.50862533692722 194.20592991913747 0
194.20592991913747 196.90323450134773 0
196.9032345013477 199.60053908355795 0
199.60053908355795 202.2978436657682 0
202.2978436657682 204.99514824797845 0
204.99514824797845 207.6924528301887 0
207.69245283018867 210.38975741239892 0
210.38975741239892 213.08706199460917 0
213.08706199460917 215.78436657681942 0
215.78436657681942 218.48167115902967 0
218.48167115902964 221.1789757412399 0
221.1789757412399 223.87628032345015 0
223.87628032345015 226.5735849056604 0
226.57358490566037 229.27088948787062 0
229.27088948787062 231.96819407008087 0
231.96819407008087 234.66549865229112 0
234.66549865229112 237.36280323450137 0
237.36280323450134 240.06010781671159 0
240.06010781671159 242.75741239892184 0
242.75741239892184 245.45471698113209 0
245.45471698113207 248.15202156334232 0
248.15202156334232 250.84932614555257 0
250.84932614555257 253.54663072776282 0
253.54663072776282 256.24393530997304 0
256.24393530997304 258.94123989218326 0
258.94123989218326 261.63854447439348 0
261.63854447439354 264.33584905660376 0
264.33584905660376 267.03315363881399 0
267.03315363881404 269.73045822102426 0
269.73045822102426 272.42776280323449 0
272.42776280323449 275.12506738544471 0
275.12506738544477 277.82237196765499 0
277.82237196765499 280.51967654986521 0
280.51967654986521 283.21698113207543 0
283.21698113207549 285.91428571428571 0
285.91428571428571 288.61159029649593 0
288.61159029649593 291.30889487870616 0
291.30889487870621 294.00619946091643 0
294.00619946091643 296.70350404312666 0
296.70350404312671 299.40080862533694 0
299.40080862533694 302.09811320754716 0
302.09811320754716 304.79541778975738 0
304.79541778975744 307.49272237196766 0
307.49272237196766 310.19002695417788 0
310.19002695417788 312.8873315363881 0
312.88733153638816 315.58463611859838 0
315.58463611859838 318.2819407008086 0
318.2819407008086 320.97924528301883 0
320.97924528301888 323.67654986522911 0
323.67654986522911 326.37385444743933 0
326.37385444743933 329.07115902964955 0
329.07115902964961 331.76846361185983 0
331.76846361185983 334.46576819407005 0
334.46576819407011 337.16307277628033 0
337.16307277628033 339.86037735849055 0
339.86037735849055 342.55768194070077 0
342.55768194070083 345.25498652291105 0
345.25498652291105 347.95229110512128 0
347.95229110512128 350.6495956873315 0
350.64959568733155 353.34690026954178 0
353.34690026954178 356.044204851752 0
356.044204851752 358.74150943396222 0
358.74150943396228 361.4388140161725 0
361.4388140161725 364.13611859838272 0
364.13611859838278 366.833423180593 0
366.833423180593 369.53072776280322 0
369.53072776280322 372.22803234501345 0
372.2280323450135 374.92533692722373 0
374.92533692722373 377.62264150943395 0
377.62264150943395 380.31994609164417 0
380.31994609164423 383.01725067385445 0
383.01725067385445 385.71455525606467 0
385.71455525606467 388.41185983827489 0
388.41185983827495 391.10916442048517 0
391.10916442048517 393.80646900269539 0
393.80646900269539 396.50377358490562 0
396.50377358490567 399.2010781671159 0
399.2010781671159 401.89838274932612 0
401.89838274932617 404.5956873315364 0
404.5956873315364 407.29299191374662 0
407.29299191374662 409.99029649595684 0
409.9902964959569 412.68760107816712 0
412.68760107816712 415.38490566037734 0
415.38490566037734 418.08221024258756 0
418.08221024258762 420.77951482479784 0
420.77951482479784 423.47681940700807 0
423.47681940700807 426.17412398921829 0
426.17412398921834 428.87142857142857 0
428.87142857142857 431.56873315363879 0
431.56873315363885 434.26603773584907 0
434.26603773584907 436.96334231805929 0
436.96334231805929 439.66064690026951 0
439.66064690026957 442.35795148247979 0
442.35795148247979 445.05525606469001 0
445.05525606469001 447.75256064690024 0
447.75256064690029 450.44986522911051 0
450.44986522911051 453.14716981132074 0
453.14716981132074 455.84447439353096 0
455.84447439353102 458.54177897574124 0
458.54177897574124 461.23908355795146 0
461.23908355795146 463.93638814016168 0
463.93638814016174 466.63369272237196 0
466.63369272237196 469.33099730458218 0
469.33099730458224 472.02830188679246 0
472.02830188679246 474.72560646900268 0
474.72560646900268 477.42291105121291 0
477.42291105121296 480.12021563342319 0
480.12021563342319 482.81752021563341 0
482.81752021563341 485.51482479784363 0
485.51482479784369 488.21212938005391 0
488.21212938005391 490.90943396226413 0
490.90943396226413 493.60673854447435 0
493.60673854447441 496.30404312668463 0
496.30404312668463 499.00134770889485 0
499.00134770889485 501.69865229110508 0
501.69865229110513 504.39595687331536 0
504.39595687331536 507.09326145552558 0
507.09326145552564 509.79056603773586 0
509.79056603773586 512.48787061994608 0
512.48787061994608 515.1851752021563 0
515.1851752021563 517.88247978436652 0
517.88247978436652 520.57978436657675 0
520.57978436657686 523.27708894878708 0
523.27708894878708 525.9743935309973 0
525.9743935309973 528.67169811320753 0
528.67169811320753 531.36900269541775 0
531.36900269541775 534.06630727762797 0
534.06630727762808 536.76361185983831 0
536.76361185983831 539.46091644204853 0
539.46091644204853 542.15822102425875 0
542.15822102425875 544.85552560646897 0
544.85552560646897 547.5528301886792 0
547.5528301886792 550.25013477088942 0
550.25013477088953 552.94743935309975 0
552.94743935309975 555.64474393530998 0
555.64474393530998 558.3420485175202 0
558.3420485175202 561.03935309973042 0
561.03935309973042 563.73665768194064 0
563.73665768194076 566.43396226415098 0
566.43396226415098 569.1312668463612 0
569.1312668463612 571.82857142857142 0
571.82857142857142 574.52587601078164 0
574.52587601078164 577.22318059299187 0
577.22318059299187 579.92048517520209 0
579.9204851752022 582.61778975741242 0
582.61778975741242 585.31509433962265 0
585.31509433962265 588.01239892183287 0
588.01239892183287 590.70970350404309 0
590.70970350404309 593.40700808625331 0
593.40700808625343 596.10431266846365 0
596.10431266846365 598.80161725067387 0
598.80161725067387 601.49892183288409 0
601.49892183288409 604.19622641509432 0
604.19622641509432 606.89353099730454 0
606.89353099730454 609.59083557951476 0
609.59083557951487 612.2881401617251 0
612.2881401617251 614.98544474393532 0
614.98544474393532 617.68274932614554 0
617.68274932614554 620.38005390835576 0
620.38005390835576 623.07735849056598 0
623.0773584905661 625.77466307277632 0
625.77466307277632 628.47196765498654 0
628.47196765498654 631.16927223719676 0
631.16927223719676 633.86657681940699 0
633.86657681940699 636.56388140161721 0
636.56388140161721 639.26118598382743 0
639.26118598382754 641.95849056603777 0
641.95849056603777 644.65579514824799 0
644.65579514824799 647.35309973045821 0
647.35309973045821 650.05040431266843 0
650.05040431266843 652.74770889487866 0
652.74770889487866 655.44501347708888 0
655.44501347708899 658.14231805929921 0
658.14231805929921 660.83962264150944 0
660.83962264150944 663.53692722371966 0
663.53692722371966 666.23423180592988 0
666.23423180592988 668.9315363881401 0
668.93153638814022 671.62884097035044 0
671.62884097035044 674.32614555256066 0
674.32614555256066 677.02345013477088 0
677.02345013477088 679.72075471698111 0
679.72075471698111 682.41805929919133 0
682.41805929919133 685.11536388140155 0
685.11536388140166 687.81266846361189 0
687.81266846361189 690.50997304582211 0
690.50997304582211 693.20727762803233 0
693.20727762803233 695.90458221024255 0
695.90458221024255 698.60188679245277 0
698.60188679245289 701.29919137466311 0
701.29919137466311 703.99649595687333 0
703.99649595687333 706.69380053908355 0
706.69380053908355 709.39110512129378 0
709.39110512129378 712.088409703504 0
712.088409703504 714.78571428571422 0
714.78571428571433 717.48301886792456 0
717.48301886792456 720.18032345013478 0
720.18032345013478 722.877628032345 0
722.877628032345 725.57493261455522 0
725.57493261455522 728.27223719676545 0
728.27223719676556 730.96954177897578 0
730.96954177897578 733.666846361186 0
733.666846361186 736.36415094339623 0
736.36415094339623 739.06145552560645 0
739.06145552560645 741.75876010781667 0
741.75876010781667 744.45606469002689 0
744.45606469002701 747.15336927223723 0
747.15336927223723 749.85067385444745 0
749.85067385444745 752.54797843665767 0
752.54797843665767 755.24528301886789 0
755.24528301886789 757.94258760107812 0
757.94258760107812 760.63989218328834 0
760.63989218328845 763.33719676549867 0
763.33719676549867 766.0345013477089 0
766.0345013477089 768.73180592991912 0
768.73180592991912 771.42911051212934 0
771.42911051212934 774.12641509433956 0
774.12641509433968 776.8237196765499 0
776.8237196765499 779.52102425876012 0
779.52102425876012 782.21832884097034 0
782.21832884097034 784.91563342318057 0
784.91563342318057 787.61293800539079 0
787.61293800539079 790.31024258760101 0
790.31024258760112 793.00754716981135 0
793.00754716981135 795.70485175202157 0
795.70485175202157 798.40215633423179 0
798.40215633423179 801.09946091644201 0
801.09946091644201 803.79676549865223 0
803.79676549865235 806.49407008086257 0
806.49407008086257 809.19137466307279 0
809.19137466307279 811.88867924528302 0
811.88867924528302 814.58598382749324 0
814.58598382749324 817.28328840970346 0
817.28328840970346 819.98059299191368 0
819.9805929919138 822.67789757412402 0
822.67789757412402 825.37520215633424 0
825.37520215633424 828.07250673854446 0
828.07250673854446 830.76981132075468 0
830.76981132075468 833.46711590296491 0
833.46711590296502 836.16442048517524 0
836.16442048517524 838.86172506738546 0
838.86172506738546 841.55902964959569 0
841.55902964959569 844.25633423180591 0
844.25633423180591 846.95363881401613 0
846.95363881401613 849.65094339622635 0
849.65094339622647 852.34824797843669 0
852.34824797843669 855.04555256064691 0
855.04555256064691 857.74285714285713 0
857.74285714285713 860.44016172506736 0
860.44016172506736 863.13746630727758 0
863.13746630727769 865.83477088948791 0
865.83477088948791 868.53207547169814 0
868.53207547169814 871.22938005390836 0
871.22938005390836 873.92668463611858 0
873.92668463611858 876.6239892183288 0
876.6239892183288 879.32129380053902 0
879.32129380053914 882.01859838274936 0
882.01859838274936 884.71590296495958 0
884.71590296495958 887.4132075471698 0
887.4132075471698 890.11051212938003 0
890.11051212938003 892.80781671159025 0
892.80781671159025 895.50512129380047 0
895.50512129380058 898.20242587601081 0
898.20242587601081 900.89973045822103 0
900.89973045822103 903.59703504043125 0
903.59703504043125 906.29433962264147 0
906.29433962264147 908.9916442048517 0
908.99164420485181 911.68894878706203 0
911.68894878706203 914.38625336927225 0
914.38625336927225 917.08355795148248 0
917.08355795148248 919.7808625336927 0
919.7808625336927 922.47816711590292 0
922.47816711590292 925.17547169811314 0
925.17547169811326 927.87277628032348 0
927.87277628032348 930.5700808625337 0
930.5700808625337 933.26738544474392 0
933.26738544474392 935.96469002695414 0
935.96469002695414 938.66199460916437 0
938.66199460916448 941.3592991913747 0
941.3592991913747 944.05660377358492 0
944.05660377358492 946.75390835579515 0
946.75390835579515 949.45121293800537 0
949.45121293800537 952.14851752021559 0
952.14851752021559 954.84582210242581 0
954.84582210242593 957.54312668463615 0
957.54312668463615 960.24043126684637 0
960.24043126684637 962.93773584905659 0
962.93773584905659 965.63504043126682 0
965.63504043126682 968.33234501347704 0
968.33234501347715 971.02964959568737 0
971.02964959568737 973.7269541778976 0
973.7269541778976 976.42425876010782 0
976.42425876010782 979.12156334231804 0
979.12156334231804 981.81886792452826 0
981.81886792452826 984.51617250673849 0
984.5161725067386 987.21347708894882 6
987.21347708894882 989.91078167115904 7
989.91078167115904 992.60808625336927 5
992.60808625336927 995.30539083557949 3
995.30539083557949 998.00269541778971 0
998.00269541778971 1000.6999999999999 6
