mass_lower
0
0
2.8999999999999998e-07
4.9999999999999998e-07
0.00018000000000000001
0.016
0.12
12
2.3e-06
0
1.5e-10
700
20
20
3.3999999999999999
0.29999999999999999
0.20000000000000001
0.20000000000000001
0.29999999999999999
3.3999999999999999
20
20
700
1.5e-10
0
2.3e-06
0
0.12
0
0
0
2.1000000000000001
12
170
0.00050000000000000001
0.00018000000000000001
0.016
4.9999999999999998e-07
2.8999999999999998e-07
0.029999999999999999
0.0060000000000000001
0.024
0.070000000000000007
0.070000000000000007
0.20000000000000001
0.28999999999999998
