dateTime
1432324800
1432332000
1432335600
1432339200
1432342800
1432346400
1432350000
1432353600
1432386000
1432393200
1432396800
1432400400
1432404000
1432414800
1432418400
1432422000
1432443600
1432468800
1432472400
1432476000
1432486800
1432497600
1432501200
1432519200
1432522800
1432562400
1432566000
1432429200
1432432800
1432436400
1432440000
1432490400
1432591200
1432454400
1432465200
1432458000
1432504800
1432461600
1432479600
1432483200
1432508400
1432512000
1432515600
1432551600
1432555200
1432558800
1432569600
1432573200
1432576800
1432584000
1432580400
1432587600
1432594800
1432598400
1432627200
1432630800
1432634400
1432638000
1432652400
1432656000
1432659600
1432666800
1432670400
1432670400
1432674000
1432674000
1432677600
1432681200
1432684800
1432677600
1432688400
1432688400
1432692000
1432695600
1432692000
1432699200
1432699200
1432702800
1432702800
1432706400
1432706400
1432710000
1432710000
1432713600
1432713600
1432735200
1432735200
1432738800
1432742400
1432738800
1432746000
1432746000
1432749600
1432749600
1432756800
1432760400
1432764000
1432764000
1432767600
1432767600
1432828800
1432832400
1432828800
1432836000
1432839600
1432843200
1432836000
1432846800
1432846800
1432850400
1432850400
1432854000
