barometricPressure
0
0
0
0
0
0
0
0
0
0
0
0
0
0
0
0
0
0
0
0
0
0
0
0
0
0
0
0
0
0
0
0
0
0
0
0
0
0
0
0
0
0
0
0
0
0
0
0
0
0
0
0
0
0
0
0
0
0
0
988.89999999999998
987.70000000000005
986.89999999999998
986.70000000000005
569
986
229
137
293
32
985.79999999999995
987.20000000000005
12
0
1
987.79999999999995
988.89999999999998
0
988.5
0
988
1
987.89999999999998
0
988.39999999999998
1
991.5
584
723
297
991.60000000000002
992.5
82
992.79999999999995
250
993.70000000000005
239
994.60000000000002
568
995.10000000000002
289
766
836
1000.9
827
813
733
1000.1
999
491
998.29999999999995
501
997.70000000000005
