totalRain
1.3999999999999999
1.3999999999999999
1.3999999999999999
1.3999999999999999
1.3999999999999999
1.3999999999999999
1.3999999999999999
1.3999999999999999
1.3999999999999999
1.3999999999999999
1.3999999999999999
1.3999999999999999
1.3999999999999999
1.3999999999999999
1.3999999999999999
1.3999999999999999
1.3999999999999999
1.5
2.5
2.5
2.6000000000000001
2.6000000000000001
3
11.1
11.1
11.1
11.1
1.3999999999999999
1.3999999999999999
1.3999999999999999
1.3999999999999999
2.6000000000000001
12.1
1.3999999999999999
1.3999999999999999
1.3999999999999999
8.9000000000000004
1.3999999999999999
2.6000000000000001
2.6000000000000001
10.6
10.699999999999999
11.1
11.1
11.1
11.1
11.199999999999999
11.199999999999999
12.1
12.1
12.1
12.1
12.1
12.1
12.1
12.1
12.1
12.1
0
0
0
4.5
4.5
0
4.5
0
0
0
0
4.7999999999999998
5.4000000000000004
0
0
0
5.4000000000000004
5.4000000000000004
0
5.4000000000000004
0
5.4000000000000004
0
5.4000000000000004
0
5.4000000000000004
0
5.4000000000000004
0
0
0
5.4000000000000004
5.4000000000000004
0
5.5999999999999996
0
5.5999999999999996
0
5.5999999999999996
0
5.5999999999999996
0
0
0
5.5999999999999996
0
0
0
5.5999999999999996
5.5999999999999996
0
5.5999999999999996
0
5.5999999999999996
