mass
0
0
139.57039
493.67700000000002
938.27208815999995
939.56542049999996
1776.8599999999999
80379
105.65837550000001
0
0.51099894999999995
172500
4180
1270
93.400000000000006
2.1600000000000001
4.6699999999999999
4.6699999999999999
2.1600000000000001
93.400000000000006
1270
4180
172500
0.51099894999999995
0
105.65837550000001
0
1776.8599999999999
0
0
0
91187.600000000006
80379
125250
134.9768
139.57039
493.67700000000002
939.56542049999996
938.27208815999995
1197.4490000000001
1115.683
1192.6420000000001
1189.3699999999999
1321.71
1314.8599999999999
1672.45
