0 724.7899159663865 24
724.7899159663865 1449.579831932773 11
1449.579831932773 2174.3697478991594 3
2174.3697478991594 2899.159663865546 0
2899.159663865546 3623.9495798319326 0
3623.9495798319326 4348.7394957983188 2
4348.7394957983188 5073.5294117647054 0
5073.5294117647054 5798.319327731092 0
5798.319327731092 6523.1092436974786 0
6523.1092436974786 7247.8991596638652 0
7247.8991596638652 7972.6890756302519 0
7972.6890756302519 8697.4789915966376 0
8697.4789915966376 9422.2689075630242 0
9422.2689075630242 10147.058823529411 0
10147.058823529411 10871.848739495797 0
10871.848739495797 11596.638655462184 0
11596.638655462184 12321.428571428571 0
12321.428571428571 13046.218487394957 0
13046.218487394957 13771.008403361344 0
13771.008403361344 14495.79831932773 0
14495.79831932773 15220.588235294117 0
15220.588235294117 15945.378151260504 0
15945.378151260504 16670.168067226889 0
16670.168067226889 17394.957983193275 0
17394.957983193275 18119.747899159662 0
18119.747899159662 18844.537815126048 0
18844.537815126048 19569.327731092435 0
19569.327731092435 20294.117647058822 0
20294.117647058822 21018.907563025208 0
21018.907563025208 21743.697478991595 0
21743.697478991595 22468.487394957981 0
22468.487394957981 23193.277310924368 0
23193.277310924368 23918.067226890755 0
23918.067226890755 24642.857142857141 0
24642.857142857141 25367.647058823528 0
25367.647058823528 26092.436974789915 0
26092.436974789915 26817.226890756301 0
26817.226890756301 27542.016806722688 0
27542.016806722688 28266.806722689074 0
28266.806722689074 28991.596638655461 0
28991.596638655461 29716.386554621848 0
29716.386554621848 30441.176470588234 0
30441.176470588234 31165.966386554621 0
31165.966386554621 31890.756302521007 0
31890.756302521007 32615.546218487394 0
32615.546218487394 33340.336134453777 0
33340.336134453777 34065.126050420164 0
34065.126050420164 34789.91596638655 0
34789.91596638655 35514.705882352937 0
35514.705882352937 36239.495798319324 0
36239.495798319324 36964.28571428571 0
36964.28571428571 37689.075630252097 0
37689.075630252097 38413.865546218483 0
38413.865546218483 39138.65546218487 0
39138.65546218487 39863.445378151257 0
39863.445378151257 40588.235294117643 0
40588.235294117643 41313.02521008403 0
41313.02521008403 42037.815126050416 0
42037.815126050416 42762.605042016803 0
42762.605042016803 43487.39495798319 0
43487.39495798319 44212.184873949576 0
44212.184873949576 44936.974789915963 0
44936.974789915963 45661.76470588235 0
45661.76470588235 46386.554621848736 0
46386.554621848736 47111.344537815123 0
47111.344537815123 47836.134453781509 0
47836.134453781509 48560.924369747896 0
48560.924369747896 49285.714285714283 0
49285.714285714283 50010.504201680669 0
50010.504201680669 50735.294117647056 0
50735.294117647056 51460.084033613442 0
51460.084033613442 52184.873949579829 0
52184.873949579829 52909.663865546216 0
52909.663865546216 53634.453781512602 0
53634.453781512602 54359.243697478989 0
54359.243697478989 55084.033613445376 0
55084.033613445376 55808.823529411762 0
55808.823529411762 56533.613445378149 0
56533.613445378149 57258.403361344535 0
57258.403361344535 57983.193277310922 0
57983.193277310922 58707.983193277309 0
58707.983193277309 59432.773109243695 0
59432.773109243695 60157.563025210082 0
60157.563025210082 60882.352941176468 0
60882.352941176468 61607.142857142855 0
61607.142857142855 62331.932773109242 0
62331.932773109242 63056.722689075628 0
63056.722689075628 63781.512605042015 0
63781.512605042015 64506.302521008402 0
64506.302521008402 65231.092436974788 0
65231.092436974788 65955.882352941175 0
65955.882352941175 66680.672268907554 0
66680.672268907554 67405.462184873933 0
67405.462184873948 68130.252100840327 0
68130.252100840327 68855.042016806707 0
68855.042016806721 69579.831932773101 0
69579.831932773101 70304.62184873948 0
70304.621848739494 71029.411764705874 0
71029.411764705874 71754.201680672253 0
71754.201680672268 72478.991596638647 0
72478.991596638647 73203.781512605026 0
73203.781512605041 73928.57142857142 0
73928.57142857142 74653.3613445378 0
74653.361344537814 75378.151260504193 0
75378.151260504193 76102.941176470573 0
76102.941176470587 76827.731092436967 0
76827.731092436967 77552.521008403346 0
77552.521008403361 78277.31092436974 0
78277.31092436974 79002.100840336119 0
79002.100840336134 79726.890756302513 0
79726.890756302513 80451.680672268893 2
80451.680672268907 81176.470588235286 0
81176.470588235286 81901.260504201666 0
81901.26050420168 82626.05042016806 0
82626.05042016806 83350.840336134439 0
83350.840336134454 84075.630252100833 0
84075.630252100833 84800.420168067212 0
84800.420168067227 85525.210084033606 0
85525.210084033606 86249.999999999985 0
86250 86974.789915966379 0
86974.789915966379 87699.579831932759 0
87699.579831932773 88424.369747899153 0
88424.369747899153 89149.159663865532 0
89149.159663865546 89873.949579831926 0
89873.949579831926 90598.739495798305 0
90598.73949579832 91323.529411764699 1
91323.529411764699 92048.319327731078 0
92048.319327731093 92773.109243697472 0
92773.109243697472 93497.899159663852 0
93497.899159663852 94222.689075630231 0
94222.689075630245 94947.478991596625 0
94947.478991596625 95672.268907563004 0
95672.268907563019 96397.058823529398 0
96397.058823529398 97121.848739495777 0
97121.848739495792 97846.638655462171 0
97846.638655462171 98571.428571428551 0
98571.428571428565 99296.218487394945 0
99296.218487394945 100021.00840336132 0
100021.00840336134 100745.79831932772 0
100745.79831932772 101470.5882352941 0
101470.58823529411 102195.37815126049 0
102195.37815126049 102920.16806722687 0
102920.16806722688 103644.95798319326 0
103644.95798319326 104369.74789915964 0
104369.74789915966 105094.53781512604 0
105094.53781512604 105819.32773109242 0
105819.32773109243 106544.11764705881 0
106544.11764705881 107268.90756302519 0
107268.9075630252 107993.69747899158 0
107993.69747899158 108718.48739495796 0
108718.48739495798 109443.27731092436 0
109443.27731092436 110168.06722689074 0
110168.06722689075 110892.85714285713 0
110892.85714285713 111617.64705882351 0
111617.64705882352 112342.4369747899 0
112342.4369747899 113067.22689075628 0
113067.2268907563 113792.01680672268 0
113792.01680672268 114516.80672268906 0
114516.80672268907 115241.59663865545 0
115241.59663865545 115966.38655462183 0
115966.38655462184 116691.17647058822 0
116691.17647058822 117415.9663865546 0
117415.96638655462 118140.756302521 0
118140.756302521 118865.54621848738 0
118865.54621848739 119590.33613445377 0
119590.33613445377 120315.12605042015 0
120315.12605042016 121039.91596638654 0
121039.91596638654 121764.70588235292 0
121764.70588235294 122489.49579831932 0
122489.49579831932 123214.2857142857 0
123214.28571428571 123939.07563025209 0
123939.07563025209 124663.86554621847 0
124663.86554621848 125388.65546218486 1
125388.65546218486 126113.44537815124 0
126113.44537815126 126838.23529411764 0
126838.23529411764 127563.02521008402 0
127563.02521008403 128287.81512605041 0
128287.81512605041 129012.60504201679 0
129012.6050420168 129737.39495798318 0
129737.39495798318 130462.18487394956 0
130462.18487394958 131186.97478991596 0
131186.97478991596 131911.76470588235 0
131911.76470588235 132636.55462184874 0
132636.55462184874 133361.34453781514 0
133361.34453781511 134086.1344537815 0
134086.1344537815 134810.9243697479 0
134810.9243697479 135535.71428571429 0
135535.71428571429 136260.50420168068 0
136260.50420168065 136985.29411764705 0
136985.29411764705 137710.08403361344 0
137710.08403361344 138434.87394957984 0
138434.87394957984 139159.66386554623 0
139159.6638655462 139884.4537815126 0
139884.4537815126 140609.24369747899 0
140609.24369747899 141334.03361344538 0
141334.03361344535 142058.82352941175 0
142058.82352941175 142783.61344537814 0
142783.61344537814 143508.40336134454 0
143508.40336134454 144233.19327731093 0
144233.1932773109 144957.98319327729 0
144957.98319327729 145682.77310924369 0
145682.77310924369 146407.56302521008 0
146407.56302521008 147132.35294117648 0
147132.35294117645 147857.14285714284 0
147857.14285714284 148581.93277310923 0
148581.93277310923 149306.72268907563 0
149306.72268907563 150031.51260504202 0
150031.51260504199 150756.30252100839 0
150756.30252100839 151481.09243697478 0
151481.09243697478 152205.88235294117 0
152205.88235294117 152930.67226890757 0
152930.67226890754 153655.46218487393 0
153655.46218487393 154380.25210084033 0
154380.25210084033 155105.04201680672 0
155105.04201680672 155829.83193277312 0
155829.83193277309 156554.62184873948 0
156554.62184873948 157279.41176470587 0
157279.41176470587 158004.20168067227 0
158004.20168067227 158728.99159663866 0
158728.99159663863 159453.78151260503 0
159453.78151260503 160178.57142857142 0
160178.57142857142 160903.36134453781 0
160903.36134453781 161628.15126050421 0
161628.15126050418 162352.94117647057 0
162352.94117647057 163077.73109243697 0
163077.73109243697 163802.52100840336 0
163802.52100840336 164527.31092436975 0
164527.31092436973 165252.10084033612 0
165252.10084033612 165976.89075630251 0
165976.89075630251 166701.68067226891 0
166701.68067226891 167426.4705882353 0
167426.47058823527 168151.26050420167 0
168151.26050420167 168876.05042016806 0
168876.05042016806 169600.84033613445 0
169600.84033613445 170325.63025210085 0
170325.63025210082 171050.42016806721 0
171050.42016806721 171775.21008403361 0
171775.21008403361 172500 2
