0 46.207407407407402 41
46.207407407407402 92.414814814814804 0
92.414814814814804 138.62222222222221 0
138.62222222222221 184.82962962962961 0
184.82962962962961 231.03703703703701 0
231.03703703703701 277.24444444444441 0
277.24444444444441 323.45185185185181 0
323.45185185185181 369.65925925925922 0
369.65925925925922 415.86666666666662 0
415.86666666666662 462.07407407407402 0
462.07407407407402 508.28148148148142 0
508.28148148148142 554.48888888888882 0
554.48888888888882 600.69629629629617 0
600.69629629629617 646.90370370370351 0
646.90370370370363 693.11111111111109 0
693.11111111111109 739.31851851851843 0
739.31851851851843 785.52592592592578 0
785.52592592592578 831.73333333333312 0
831.73333333333323 877.94074074074069 0
877.94074074074069 924.14814814814804 0
924.14814814814804 970.35555555555538 0
970.35555555555538 1016.5629629629627 0
1016.5629629629628 1062.7703703703703 0
1062.7703703703703 1108.9777777777776 0
1108.9777777777776 1155.185185185185 0
1155.185185185185 1201.3925925925923 0
1201.3925925925923 1247.5999999999997 0
1247.5999999999999 1293.8074074074073 0
1293.8074074074073 1340.0148148148146 0
1340.0148148148146 1386.2222222222219 0
1386.2222222222222 1432.4296296296295 2
1432.4296296296295 1478.6370370370369 0
1478.6370370370369 1524.8444444444442 0
1524.8444444444442 1571.0518518518516 0
1571.0518518518516 1617.2592592592589 0
1617.2592592592591 1663.4666666666665 0
1663.4666666666665 1709.6740740740738 0
1709.6740740740738 1755.8814814814812 0
1755.8814814814814 1802.0888888888887 0
1802.0888888888887 1848.2962962962961 0
1848.2962962962961 1894.5037037037034 0
1894.5037037037034 1940.7111111111108 0
1940.7111111111108 1986.9185185185181 0
1986.9185185185183 2033.1259259259257 0
2033.1259259259257 2079.333333333333 0
2079.333333333333 2125.5407407407406 2
2125.5407407407406 2171.7481481481482 0
2171.7481481481477 2217.9555555555553 0
2217.9555555555553 2264.1629629629629 0
2264.1629629629629 2310.3703703703704 0
2310.37037037037 2356.5777777777776 0
2356.5777777777776 2402.7851851851851 0
2402.7851851851847 2448.9925925925922 0
2448.9925925925922 2495.1999999999998 1
