-2112 -2095.2430769230768 1
-2095.2430769230768 -2078.4861538461537 0
-2078.4861538461537 -2061.7292307692305 0
-2061.729230769231 -2044.9723076923078 0
-2044.9723076923076 -2028.2153846153844 0
-2028.2153846153847 -2011.4584615384615 0
-2011.4584615384615 -1994.7015384615383 0
-1994.7015384615386 -1977.9446153846154 0
-1977.9446153846154 -1961.1876923076923 0
-1961.1876923076923 -1944.4307692307691 0
-1944.4307692307693 -1927.6738461538462 0
-1927.6738461538462 -1910.916923076923 0
-1910.916923076923 -1894.1599999999999 0
-1894.1600000000001 -1877.4030769230769 0
-1877.4030769230769 -1860.6461538461538 0
-1860.6461538461538 -1843.8892307692306 0
-1843.8892307692308 -1827.1323076923077 0
-1827.1323076923077 -1810.3753846153845 0
-1810.3753846153845 -1793.6184615384614 0
-1793.6184615384616 -1776.8615384615384 0
-1776.8615384615384 -1760.1046153846153 0
-1760.1046153846155 -1743.3476923076923 0
-1743.3476923076923 -1726.5907692307692 0
-1726.5907692307692 -1709.833846153846 0
-1709.8338461538463 -1693.0769230769231 0
-1693.0769230769231 -1676.3199999999999 0
-1676.3199999999999 -1659.5630769230768 0
-1659.563076923077 -1642.8061538461538 0
-1642.8061538461538 -1626.0492307692307 0
-1626.0492307692307 -1609.2923076923075 0
-1609.2923076923078 -1592.5353846153846 0
-1592.5353846153846 -1575.7784615384614 0
-1575.7784615384617 -1559.0215384615385 0
-1559.0215384615385 -1542.2646153846154 0
-1542.2646153846154 -1525.5076923076922 0
-1525.5076923076924 -1508.7507692307693 0
-1508.7507692307693 -1491.9938461538461 0
-1491.9938461538461 -1475.2369230769229 0
-1475.2369230769232 -1458.48 0
-1458.48 -1441.7230769230769 0
-1441.7230769230769 -1424.9661538461537 0
-1424.9661538461539 -1408.2092307692308 0
-1408.2092307692308 -1391.4523076923076 0
-1391.4523076923076 -1374.6953846153845 0
-1374.6953846153847 -1357.9384615384615 0
-1357.9384615384615 -1341.1815384615384 0
-1341.1815384615386 -1324.4246153846154 0
-1324.4246153846154 -1307.6676923076923 0
-1307.6676923076923 -1290.9107692307691 0
-1290.9107692307693 -1274.1538461538462 0
-1274.1538461538462 -1257.396923076923 0
-1257.396923076923 -1240.6399999999999 0
-1240.6400000000001 -1223.8830769230769 0
-1223.8830769230769 -1207.1261538461538 0
-1207.1261538461538 -1190.3692307692306 0
-1190.3692307692309 -1173.6123076923077 0
-1173.6123076923077 -1156.8553846153845 0
-1156.8553846153845 -1140.0984615384614 0
-1140.0984615384616 -1123.3415384615384 0
-1123.3415384615384 -1106.5846153846153 0
-1106.5846153846155 -1089.8276923076924 0
-1089.8276923076924 -1073.0707692307692 0
-1073.0707692307692 -1056.313846153846 0
-1056.3138461538463 -1039.5569230769231 0
-1039.5569230769231 -1022.8000000000001 0
-1022.8000000000001 -1006.043076923077 0
-1006.0430769230769 -989.28615384615387 0
-989.28615384615387 -972.52923076923082 0
-972.52923076923082 -955.77230769230778 0
-955.77230769230778 -939.01538461538473 0
-939.01538461538462 -922.25846153846157 0
-922.25846153846157 -905.50153846153853 0
-905.50153846153853 -888.74461538461549 0
-888.74461538461537 -871.98769230769233 0
-871.98769230769233 -855.23076923076928 0
-855.23076923076928 -838.47384615384624 0
-838.47384615384624 -821.71692307692319 0
-821.71692307692308 -804.96000000000004 0
-804.96000000000004 -788.20307692307699 0
-788.20307692307699 -771.44615384615395 0
-771.44615384615395 -754.6892307692309 0
-754.68923076923079 -737.93230769230775 0
-737.93230769230775 -721.1753846153847 0
-721.1753846153847 -704.41846153846166 0
-704.41846153846154 -687.6615384615385 0
-687.6615384615385 -670.90461538461545 0
-670.90461538461545 -654.14769230769241 0
-654.14769230769241 -637.39076923076937 0
-637.39076923076925 -620.63384615384621 0
-620.63384615384621 -603.87692307692316 0
-603.87692307692316 -587.12000000000012 0
-587.12 -570.36307692307696 0
-570.36307692307696 -553.60615384615392 0
-553.60615384615392 -536.84923076923087 0
-536.84923076923087 -520.09230769230783 0
-520.09230769230771 -503.33538461538461 0
-503.33538461538467 -486.57846153846157 0
-486.57846153846157 -469.82153846153847 0
-469.82153846153852 -453.06461538461542 0
-453.06461538461542 -436.30769230769232 0
-436.30769230769238 -419.55076923076928 0
-419.55076923076928 -402.79384615384618 0
-402.79384615384623 -386.03692307692313 0
-386.03692307692313 -369.28000000000003 0
-369.28000000000009 -352.52307692307699 0
-352.52307692307699 -335.76615384615388 0
-335.76615384615388 -319.00923076923078 1
-319.00923076923084 -302.25230769230774 0
-302.25230769230774 -285.49538461538464 0
-285.49538461538469 -268.73846153846159 0
-268.73846153846159 -251.98153846153852 0
-251.98153846153852 -235.22461538461545 0
-235.22461538461545 -218.46769230769237 0
-218.46769230769237 -201.7107692307693 1
-201.7107692307693 -184.95384615384623 0
-184.95384615384623 -168.19692307692316 0
-168.19692307692316 -151.44000000000008 0
-151.44000000000005 -134.68307692307698 0
-134.68307692307698 -117.92615384615391 0
-117.92615384615391 -101.16923076923084 0
-101.16923076923084 -84.412307692307763 0
-84.412307692307763 -67.655384615384691 0
-67.655384615384691 -50.898461538461618 0
-50.898461538461603 -34.141538461538531 0
-34.141538461538531 -17.384615384615454 1
-17.384615384615454 -0.62769230769237794 12
-0.62769230769237794 16.129230769230698 14
16.129230769230698 32.886153846153775 5
32.886153846153775 49.643076923076848 0
49.643076923076848 66.39999999999992 0
66.39999999999992 83.156923076922993 0
83.156923076923007 99.91384615384608 0
99.91384615384608 116.67076923076915 1
116.67076923076915 133.42769230769224 0
133.42769230769224 150.18461538461531 0
150.18461538461531 166.94153846153839 0
166.94153846153839 183.69846153846146 0
183.69846153846146 200.45538461538453 0
200.45538461538453 217.2123076923076 1
217.2123076923076 233.96923076923068 0
233.96923076923071 250.72615384615378 0
250.72615384615378 267.48307692307685 0
267.48307692307685 284.23999999999995 0
284.2399999999999 300.996923076923 0
300.996923076923 317.7538461538461 0
317.7538461538461 334.5107692307692 1
334.51076923076914 351.26769230769224 0
351.26769230769224 368.02461538461534 0
368.02461538461529 384.78153846153839 0
384.78153846153839 401.53846153846149 0
401.53846153846143 418.29538461538453 0
418.29538461538453 435.05230769230764 0
435.05230769230764 451.80923076923074 0
451.80923076923068 468.56615384615378 0
468.56615384615378 485.32307692307688 0
485.32307692307683 502.07999999999993 0
502.07999999999993 518.83692307692297 0
518.83692307692297 535.59384615384602 0
535.59384615384602 552.35076923076906 0
552.35076923076917 569.10769230769222 0
569.10769230769222 585.86461538461526 0
585.86461538461526 602.62153846153831 0
602.62153846153842 619.37846153846147 0
619.37846153846147 636.13538461538451 0
636.13538461538451 652.89230769230755 0
652.89230769230755 669.6492307692306 0
669.64923076923071 686.40615384615376 0
686.40615384615376 703.1630769230768 0
703.1630769230768 719.91999999999985 0
719.91999999999996 736.676923076923 0
736.676923076923 753.43384615384605 0
753.43384615384605 770.19076923076909 0
770.19076923076909 786.94769230769214 0
786.94769230769225 803.70461538461529 0
803.70461538461529 820.46153846153834 0
820.46153846153834 837.21846153846138 0
837.2184615384615 853.97538461538454 0
853.97538461538454 870.73230769230759 0
870.73230769230759 887.48923076923063 0
887.48923076923063 904.24615384615367 0
904.24615384615379 921.00307692307683 0
921.00307692307683 937.75999999999988 0
937.75999999999988 954.51692307692292 0
954.51692307692292 971.27384615384597 0
971.27384615384608 988.03076923076912 0
988.03076923076912 1004.7876923076922 0
1004.7876923076922 1021.5446153846152 0
1021.5446153846153 1038.3015384615385 0
1038.3015384615383 1055.0584615384614 0
1055.0584615384614 1071.8153846153846 0
1071.8153846153846 1088.5723076923077 0
1088.5723076923075 1105.3292307692307 0
1105.3292307692307 1122.0861538461538 0
1122.0861538461538 1138.843076923077 0
1138.8430769230768 1155.5999999999999 0
1155.5999999999999 1172.3569230769231 0
1172.3569230769231 1189.1138461538462 0
1189.113846153846 1205.8707692307692 0
1205.8707692307692 1222.6276923076923 0
1222.6276923076921 1239.3846153846152 0
1239.3846153846152 1256.1415384615384 0
1256.1415384615384 1272.8984615384616 0
1272.8984615384613 1289.6553846153845 0
1289.6553846153845 1306.4123076923076 0
1306.4123076923076 1323.1692307692308 0
1323.1692307692306 1339.9261538461537 0
1339.9261538461537 1356.6830769230769 0
1356.6830769230769 1373.4400000000001 0
1373.4399999999998 1390.196923076923 0
1390.196923076923 1406.9538461538461 0
1406.9538461538461 1423.7107692307693 0
1423.7107692307691 1440.4676923076922 0
1440.4676923076922 1457.2246153846154 0
1457.2246153846152 1473.9815384615383 0
1473.9815384615383 1490.7384615384615 0
1490.7384615384615 1507.4953846153846 0
1507.4953846153844 1524.2523076923076 0
1524.2523076923076 1541.0092307692307 0
1541.0092307692307 1557.7661538461539 0
1557.7661538461537 1574.5230769230768 0
1574.5230769230768 1591.28 0
1591.28 1608.0369230769231 0
1608.0369230769229 1624.7938461538461 0
1624.7938461538461 1641.5507692307692 0
1641.5507692307692 1658.3076923076924 0
1658.3076923076922 1675.0646153846153 0
1675.0646153846153 1691.8215384615385 0
1691.8215384615382 1708.5784615384614 0
1708.5784615384614 1725.3353846153846 0
1725.3353846153846 1742.0923076923077 0
1742.0923076923075 1758.8492307692306 0
1758.8492307692306 1775.6061538461538 0
1775.6061538461538 1792.363076923077 0
1792.3630769230767 1809.1199999999999 0
1809.1199999999999 1825.876923076923 0
1825.876923076923 1842.6338461538462 0
1842.633846153846 1859.3907692307691 0
1859.3907692307691 1876.1476923076923 0
1876.1476923076921 1892.9046153846152 0
1892.9046153846152 1909.6615384615384 0
1909.6615384615384 1926.4184615384615 0
1926.4184615384613 1943.1753846153845 0
1943.1753846153845 1959.9323076923076 0
1959.9323076923076 1976.6892307692308 0
1976.6892307692306 1993.4461538461537 0
1993.4461538461537 2010.2030769230769 0
2010.2030769230769 2026.96 0
2026.9599999999998 2043.716923076923 0
2043.716923076923 2060.4738461538459 0
2060.4738461538459 2077.2307692307691 0
2077.2307692307691 2093.9876923076922 0
2093.9876923076922 2110.7446153846154 0
2110.7446153846154 2127.5015384615385 1
2127.5015384615385 2144.2584615384617 0
2144.2584615384612 2161.0153846153844 0
2161.0153846153844 2177.7723076923075 0
2177.7723076923075 2194.5292307692307 0
2194.5292307692307 2211.2861538461539 0
2211.2861538461539 2228.043076923077 1
2228.0430769230766 2244.7999999999997 0
2244.7999999999997 2261.5569230769229 0
2261.5569230769229 2278.313846153846 0
2278.313846153846 2295.0707692307692 0
2295.0707692307692 2311.8276923076924 0
2311.8276923076924 2328.5846153846155 0
2328.5846153846151 2345.3415384615382 0
2345.3415384615382 2362.0984615384614 0
2362.0984615384614 2378.8553846153845 0
2378.8553846153845 2395.6123076923077 0
2395.6123076923077 2412.3692307692309 0
2412.3692307692304 2429.1261538461536 0
2429.1261538461536 2445.8830769230767 0
2445.8830769230767 2462.6399999999999 0
2462.6399999999999 2479.396923076923 0
2479.396923076923 2496.1538461538462 0
2496.1538461538462 2512.9107692307693 0
2512.9107692307689 2529.6676923076921 0
2529.6676923076921 2546.4246153846152 0
2546.4246153846152 2563.1815384615384 0
2563.1815384615384 2579.9384615384615 0
2579.9384615384615 2596.6953846153847 0
2596.6953846153847 2613.4523076923078 0
2613.4523076923074 2630.2092307692305 0
2630.2092307692305 2646.9661538461537 0
2646.9661538461537 2663.7230769230769 0
2663.7230769230769 2680.48 0
2680.48 2697.2369230769232 0
2697.2369230769227 2713.9938461538459 0
2713.9938461538459 2730.750769230769 0
2730.750769230769 2747.5076923076922 0
2747.5076923076922 2764.2646153846154 0
2764.2646153846154 2781.0215384615385 0
2781.0215384615385 2797.7784615384617 0
2797.7784615384612 2814.5353846153844 0
2814.5353846153844 2831.2923076923075 0
2831.2923076923075 2848.0492307692307 0
2848.0492307692307 2864.8061538461538 0
2864.8061538461538 2881.563076923077 0
2881.5630769230766 2898.3199999999997 0
2898.3199999999997 2915.0769230769229 0
2915.0769230769229 2931.833846153846 0
2931.833846153846 2948.5907692307692 0
2948.5907692307692 2965.3476923076923 0
2965.3476923076923 2982.1046153846155 0
2982.104615384615 2998.8615384615382 0
2998.8615384615382 3015.6184615384614 0
3015.6184615384614 3032.3753846153845 0
3032.3753846153845 3049.1323076923077 0
3049.1323076923077 3065.8892307692308 0
3065.8892307692304 3082.6461538461535 0
3082.6461538461535 3099.4030769230767 0
3099.4030769230767 3116.1599999999999 1
3116.1599999999999 3132.916923076923 1
3132.916923076923 3149.6738461538462 0
3149.6738461538462 3166.4307692307693 0
3166.4307692307689 3183.187692307692 0
3183.187692307692 3199.9446153846152 0
3199.9446153846152 3216.7015384615383 1
3216.7015384615383 3233.4584615384615 1
3233.4584615384615 3250.2153846153847 0
3250.2153846153842 3266.9723076923074 0
3266.9723076923074 3283.7292307692305 0
3283.7292307692305 3300.4861538461537 0
3300.4861538461537 3317.2430769230768 1
3317.2430769230768 3334 1
